

Part A:
Total combo is: 36
2 3 4 5 6 7 

3 4 5 6 7 8 

4 5 6 7 8 9 

5 6 7 8 9 10 

6 7 8 9 10 11 

7 8 9 10 11 12 

2 1/36
3 2/36
4 3/36
5 4/36
6 5/36
7 6/36
8 5/36
9 4/36
10 3/36
11 2/36
12 1/36



Part B BRUTE FORCE



([1, 2, 2, 3, 3, 4], [1, 3, 4, 5, 6, 8])
2 4 5 6 7 9 

3 5 6 7 8 10 

3 5 6 7 8 10 

4 6 7 8 9 11 

4 6 7 8 9 11 

5 7 8 9 10 12 

2 1/36
3 2/36
4 3/36
5 4/36
6 5/36
7 6/36
8 5/36
9 4/36
10 3/36
11 2/36
12 1/36


Part B RECURSIVE SOLUTION
[1, 2, 2, 3, 3, 4]
[1, 3, 4, 5, 6, 8]

2 4 5 6 7 9 

3 5 6 7 8 10 

3 5 6 7 8 10 

4 6 7 8 9 11 

4 6 7 8 9 11 

5 7 8 9 10 12 

2 1/36
3 2/36
4 3/36
5 4/36
6 5/36
7 6/36
8 5/36
9 4/36
10 3/36
11 2/36
12 1/36